home 0.175 -2.61 -1.599 0.483 -0.142 0.051 -0.965 -1.029
ready_to_scoop 0.042 -2.473 -1.644 0.098 0.045 -0.271 -0.796 -1.018
state_1 -0.022 -2.357 -1.678 0.154 -0.004 -0.455 -0.965 -0.532
state_2 -0.133 -2.348 -1.698 0.126 -0.004 -0.532 -0.98 -0.02
state_3 -0.131 -2.306 -1.705 0.104 -0.004 -0.532 -0.98 -0.067
state_4 -0.051 -2.24 -1.721 0.114 -0.004 -0.64 -0.985 -0.814
state_5 -0.02 -2.244 -1.719 0.12 -0.004 -0.64 -0.98 -1.029
state_6 -0.016 -2.391 -1.682 0.114 -0.004 -0.527 -0.837 -1.029
state_7 0.182 -2.442 -1.649 0.143 -0.004 -0.542 -0.837 -1.029
state_8 0.207 -2.329 -1.691 0.17 -0.004 -0.722 -0.893 -1.029
state_9 0.18 -2.331 -1.696 0.169 0.004 -0.875 -0.924 -0.972
state_10 0.178 -2.353 -1.699 0.123 0.492 -0.839 -1.006 -0.809
state_11 0.117 -2.424 -1.673 0.135 0.979 -0.645 -1.042 -0.409
state_12 0.231 -2.353 -1.683 0.134 -0.11 -0.384 -1.093 -0.686
state_13 0.256 -2.483 -1.636 0.092 -0.268 -0.113 -0.776 -0.558
state_14 0.045 -2.284 -1.712 0.153 -0.487 0.0 -1.062 -0.404
state_15 -0.019 -2.343 -1.696 0.126 -0.166 -0.24 -0.98 -0.138
state_16 -0.099 -2.285 -1.708 0.089 -0.101 -0.466 -0.98 -0.102
state_17 -0.011 -2.192 -1.741 0.084 -0.101 -0.338 -1.093 -0.502
state_18 0.059 -2.223 -1.734 0.083 -0.179 -0.133 -1.026 -0.578
state_19 0.076 -2.279 -1.718 0.062 -0.231 -0.031 -0.924 -0.573
state_20 0.378 -2.355 -1.689 0.035 -0.345 -0.005 -0.832 -0.404
state_21 0.532 -2.269 -1.707 -0.028 -0.345 -0.061 -0.863 -0.415
state_22 0.501 -2.278 -1.72 -0.029 -0.032 -0.066 -1.006 0.0
state_23 0.428 -2.283 -1.744 -0.027 0.646 -0.184 -1.195 0.138
state_24 0.412 -2.306 -1.764 -0.022 0.817 -0.2 -1.144 0.138
state_25 0.422 -2.427 -1.731 -0.067 0.804 -0.102 -1.144 0.128
state_26 0.495 -2.356 -1.747 -0.028 -0.487 -0.138 -0.904 -0.379
state_27 0.342 -2.522 -1.691 0.41 -0.487 0.241 -0.77 -0.655
